514
10
202
616
530
76
511
21
411
47
153
520
540
674
188
13
440
601
662
329
150
463
208
328
115
257
227
450
558
439
53
10
607
74
477
608
113
637
301
350
210
678
243
384
655
540
361
204
85
106
72
100
73
235
306
716
126
357
276
607
87
21
619
111
146
272
367
362
717
696
335
41
423
129
229
65
559
682
546
605
53
462
584
484
654
472
457
119
32
713
357
233
161
385
317
348
175
188
723
392
504
511
241
675
459
575
221
620
126
434
205
283
600
148
529
201
193
734
137
284
306
493
426
205
212
48
131
300
163
141
355
105
392
212
611
127
174
428
252
443
546
673
290
313
125
572
68
610
267
682
362
695
419
581
540
238
185
340
747
339
490
145
603
564
651
490
294
8
335
509
692
105
514
181
3
79
525
358
42
747
299
306
61
127
467
291
629
490
63
674
351
77
715
433
713
742
324
351
142
9
420
178
277
334
325
36
498
220
287
597
354
503
221
163
456
113
10
421
489
240
164
42
119
663
91
704
318
232
0
455
475
39
303
172
98
747
84
148
721
614
413
575
545
212
296
678
269
262
269
485
539
194
615
540
745
8
568
120
601
573
132
472
152
337
70
513
651
603
173
527
350
719
515
315
28
543
597
588
693
637
659
213
549
181
88
92
608
560
221
258
704
638
646
690
449
93
430
120
748
67
36
533
35
726
185
288
103
129
724
748
423
359
7
16
444
705
68
476
661
25
105
251
49
496
584
515
714
92
575
663
392
446
198
322
176
356
673
429
154
705
376
562
625
93
65
286
486
641
64
744
6
652
686
88
232
605
15
381
230
591
375
511
387
436
190
150
412
634
393
603
416
702
508
512
483
204
553
134
53
6
148
624
317
463
109
28
700
80
318
358
50
155
611
264
653
676
393
659
652
561
739
198
532
153
674
720
152
173
81
619
128
9
258
119
721
3
195
31
254
392
435
563
698
339
722
688
287
410
711
234
508
211
209
493
15
519
187
369
58
450
471
14
117
465
555
315
330
39
212
38
332
454
335
460
484
24
130
565
451
541
115
179
610
398
573
38
727
132
706
189
613
258
191
40
223
363
28
434
28
450
571
385
224
321
83
367
653
45
668
575
676
629
150
348
309
193
186
80
366
249
417
28
429
364
171
155
576
66
16
726
166
587
681
464
590
436
21
412
471
64
59
165
652
623
624
691
495
262
673
531
306
268
318
352
407
307
231
262
136
380
114
559
334
306
290
293
746
652
304
595
458
248
741
212
631
114
689
458
722
454
245
302
519
729
238
173
168
366
409
248
736
196
712
383
158
22
396
392
287
175
147
208
602
57
348
80
42
350
528
549
352
198
382
540
565
75
512
567
586
397
668
397
328
351
566
230
699
425
658
229
520
440
310
147
412
155
425
42
611
254
648
646
464
696
188
69
388
663
75
515
271
475
615
278
484
570
155
464
57
462
661
524
549
219
330
423
600
83
425
410
237
586
337
528
393
136
714
414
91
449
385
255
587
254
587
373
164
220
108
568
531
335
152
373
152
694
126
576
646
72
249
390
674
69
193
361
441
39
169
315
55
85
466
700
115
359
564
166
393
324
9
300
195
573
589
411
422
718
358
531
18
676
10
672
24
529
160
302
432
641
495
514
124
614
652
505
710
474
222
571
622
47
577
39
105
195
594
450
593
4
231
262
422
189
678
662
12
717
408
665
